20170405|94|24|0|80|6|8|4|3|0|0|0|0|0|0|0|0|0|0|0|0|0|0
20170406|259|46|0|244|2|13|12|9|0|0|0|11|0|0|0|0|0|0|0|0|0|0
20170407|1498|1212|72|877|382|239|724|272|32|214|120|420|0|0|253|248|6|119|118|16|0|0
20170408|442|245|26|283|89|70|121|48|12|49|25|57|0|0|172|172|5|28|140|4|0|0
20170409|609|375|26|178|283|148|521|198|31|106|64|99|0|0|169|163|10|32|126|11|0|0
20170410|6|0|0|6|0|0|8|2|0|1|1|8|0|0|1|1|0|1|0|0|0|0
20170411|2|0|0|2|0|0|8|2|0|1|1|8|0|0|1|1|0|1|0|0|0|0
20170516|1|1|0|1|0|0|0|0|0|0|0|0|0|0|0|0|0|0|0|0|0|0
20170517|0|0|0|0|0|0|0|0|0|0|0|0|0|0|0|0|0|0|0|0|0|0
20170622|0|0|0|0|0|0|0|0|0|0|0|0|0|0|0|0|0|0|0|0|0|0
20170624|0|0|0|0|0|0|1|1|0|0|0|0|0|0|0|0|0|0|0|0|0|0
20171002|8|2|0|8|0|0|7|3|0|0|0|7|0|0|0|0|0|0|0|0|0|0
20171003|0|0|0|0|0|0|0|0|0|0|1|0|0|0|1|1|0|1|0|0|1|0
20171005|0|0|0|0|0|0|0|0|0|0|0|0|0|0|0|0|0|0|0|0|0|0
20171107|0|0|0|0|0|0|0|0|0|0|0|0|0|0|0|0|0|0|0|0|0|0
